importance
0.04073059558868408
-0.27472037076950073
0.029710769653320312
0.07321417331695557
0.0525665283203125
0.09708750247955322
-0.42970481514930725
0.042729973793029785
0.07089853286743164
-0.012373149394989014
