importance
0.0224570631980896
-0.5581438541412354
0.0694047212600708
-0.1285601258277893
-0.03022623062133789
-0.1264101266860962
0.023944616317749023
0.10104405879974365
-0.03970181941986084
-0.12167853116989136
0.015486657619476318
-0.1060647964477539
0.034927964210510254
0.03228086233139038
